start=28.566667
volume=50.000000
