start=1.566667
volume=50.000000
