start=35.566667
volume=75.000000
