start=576.409000
pause=yes
volume=75.000000
