start=6.108333
volume=100.000000
